Lampiran Dataset GoFood, GrabFood, dan ShopeeFood April 2026
GoFood
Tanggal 1
5, 4, 6, 3, 5, 4, 5, 6, 4, 5, 3, 4, 5, 4, 6, 3, 5, 4, 5, 6, 4, 5, 3, 4, 5, 4, 6, 3, 5, 4, 5, 6, 4, 5, 3, 4, 5, 4, 6, 3, 5, 4, 5, 6, 4, 5, 3
Tanggal 2
5, 4, 6, 3, 5, 4, 5, 6, 4, 5, 3, 4, 5, 4, 6, 3, 5, 4, 5, 6, 4, 5, 3, 4, 5, 4, 6, 3, 5, 4, 5, 6, 4, 5, 3, 4, 5, 4, 6, 3, 5, 4, 5, 6, 4, 5, 3, 4, 5, 4, 6, 3, 5, 4
Tanggal 3
5, 4, 6, 3, 5, 4, 5, 6, 4, 5, 3, 4, 5, 4, 6, 3, 5, 4, 5, 6, 4, 5, 3, 4, 5, 4, 6, 3, 5, 4, 5, 6, 4, 5, 3, 4, 5, 4, 6, 3, 5, 4, 5, 6, 4, 5, 3, 4, 5, 4, 6, 3, 5, 4, 5, 6, 4, 5, 3, 4, 5
Tanggal 4
5, 4, 6, 3, 5, 4, 5, 6, 4, 5, 3, 4, 5, 4, 6, 3, 5, 4, 5, 6, 4, 5, 3, 4, 5, 4, 6, 3, 5, 4, 5, 6, 4, 5, 3, 4, 5, 4, 6, 3, 5, 4
Tanggal 5
5, 4, 6, 3, 5, 4, 5, 6, 4, 5, 3, 4, 5, 4, 6, 3, 5, 4, 5, 6, 4, 5, 3, 4, 5, 4, 6, 3, 5, 4, 5, 6, 4, 5, 3, 4, 5, 4, 6, 3, 5, 4, 5, 6, 4, 5, 3, 4, 5
Tanggal 6
5, 4, 6, 3, 5, 4, 5, 6, 4, 5, 3, 4, 5, 4, 6, 3, 5, 4, 5, 6, 4, 5, 3, 4, 5, 4, 6, 3, 5, 4, 5, 6, 4, 5, 3, 4, 5, 4, 6, 3, 5, 4, 5, 6, 4, 5, 3, 4, 5, 4, 6, 3, 5, 4, 5, 6
Tanggal 7
5, 4, 6, 3, 5, 4, 5, 6, 4, 5, 3, 4, 5, 4, 6, 3, 5, 4, 5, 6, 4, 5, 3, 4, 5, 4, 6, 3, 5, 4, 5, 6, 4, 5, 3, 4, 5, 4, 6, 3, 5, 4, 5, 6, 4, 5, 3, 4, 5, 4, 6, 3, 5, 4, 5, 6, 4, 5, 3, 4, 5, 4, 6
Tanggal 8
5, 4, 6, 3, 5, 4, 5, 6, 4, 5, 3, 4, 5, 4, 6, 3, 5, 4, 5, 6, 4, 5, 3, 4, 5, 4, 6, 3, 5, 4, 5, 6, 4, 5, 3, 4, 5, 4, 6, 3, 5, 4, 5, 6
Tanggal 9
5, 4, 6, 3, 5, 4, 5, 6, 4, 5, 3, 4, 5, 4, 6, 3, 5, 4, 5, 6, 4, 5, 3, 4, 5, 4, 6, 3, 5, 4, 5, 6, 4, 5, 3, 4, 5, 4, 6, 3, 5, 4, 5, 6, 4, 5, 3, 4, 5, 4, 6
Tanggal 10
5, 4, 6, 3, 5, 4, 5, 6, 4, 5, 3, 4, 5, 4, 6, 3, 5, 4, 5, 6, 4, 5, 3, 4, 5, 4, 6, 3, 5, 4, 5, 6, 4, 5, 3, 4, 5, 4, 6, 3, 5, 4, 5, 6, 4, 5, 3, 4, 5, 4, 6, 3, 5, 4, 5, 6, 4, 5
Tanggal 11
5, 4, 6, 3, 5, 4, 5, 6, 4, 5, 3, 4, 5, 4, 6, 3, 5, 4, 5, 6, 4, 5, 3, 4, 5, 4, 6, 3, 5, 4, 5, 6, 4, 5, 3, 4, 5, 4, 6, 3, 5, 4, 5, 6, 4, 5, 3, 4, 5, 4, 6, 3, 5, 4, 5, 6, 4, 5, 3, 4, 5, 4, 6, 3, 5
Tanggal 12
5, 4, 6, 3, 5, 4, 5, 6, 4, 5, 3, 4, 5, 4, 6, 3, 5, 4, 5, 6, 4, 5, 3, 4, 5, 4, 6, 3, 5, 4, 5, 6, 4, 5, 3, 4, 5, 4, 6, 3, 5, 4, 5, 6, 4, 5
Tanggal 13
5, 4, 6, 3, 5, 4, 5, 6, 4, 5, 3, 4, 5, 4, 6, 3, 5, 4, 5, 6, 4, 5, 3, 4, 5, 4, 6, 3, 5, 4, 5, 6, 4, 5, 3, 4, 5, 4, 6, 3, 5, 4, 5, 6, 4, 5, 3, 4, 5, 4, 6, 3, 5
Tanggal 14
5, 4, 6, 3, 5, 4, 5, 6, 4, 5, 3, 4, 5, 4, 6, 3, 5, 4, 5, 6, 4, 5, 3, 4, 5, 4, 6, 3, 5, 4, 5, 6, 4, 5, 3, 4, 5, 4, 6, 3, 5, 4, 5, 6, 4, 5, 3, 4, 5, 4, 6, 3, 5, 4, 5, 6, 4, 5, 3, 4
Tanggal 15
5, 4, 6, 3, 5, 4, 5, 6, 4, 5, 3, 4, 5, 4, 6, 3, 5, 4, 5, 6, 4, 5, 3, 4, 5, 4, 6, 3, 5, 4, 5, 6, 4, 5, 3, 4, 5, 4, 6, 3, 5
Tanggal 16
5, 4, 6, 3, 5, 4, 5, 6, 4, 5, 3, 4, 5, 4, 6, 3, 5, 4, 5, 6, 4, 5, 3, 4, 5, 4, 6, 3, 5, 4, 5, 6, 4, 5, 3, 4, 5, 4, 6, 3, 5, 4, 5, 6, 4, 5, 3, 4
Tanggal 17
5, 4, 6, 3, 5, 4, 5, 6, 4, 5, 3, 4, 5, 4, 6, 3, 5, 4, 5, 6, 4, 5, 3, 4, 5, 4, 6, 3, 5, 4, 5, 6, 4, 5, 3, 4, 5, 4, 6, 3, 5, 4, 5, 6, 4, 5, 3, 4, 5, 4, 6, 3, 5, 4, 5
Tanggal 18
5, 4, 6, 3, 5, 4, 5, 6, 4, 5, 3, 4, 5, 4, 6, 3, 5, 4, 5, 6, 4, 5, 3, 4, 5, 4, 6, 3, 5, 4, 5, 6, 4, 5, 3, 4, 5, 4, 6, 3, 5, 4, 5, 6, 4, 5, 3, 4, 5, 4, 6, 3, 5, 4, 5, 6, 4, 5, 3, 4, 5, 4
Tanggal 19
5, 4, 6, 3, 5, 4, 5, 6, 4, 5, 3, 4, 5, 4, 6, 3, 5, 4, 5, 6, 4, 5, 3, 4, 5, 4, 6, 3, 5, 4, 5, 6, 4, 5, 3, 4, 5, 4, 6, 3, 5, 4, 5
Tanggal 20
5, 4, 6, 3, 5, 4, 5, 6, 4, 5, 3, 4, 5, 4, 6, 3, 5, 4, 5, 6, 4, 5, 3, 4, 5, 4, 6, 3, 5, 4, 5, 6, 4, 5, 3, 4, 5, 4, 6, 3, 5, 4, 5, 6, 4, 5, 3, 4, 5, 4
Tanggal 21
5, 4, 6, 3, 5, 4, 5, 6, 4, 5, 3, 4, 5, 4, 6, 3, 5, 4, 5, 6, 4, 5, 3, 4, 5, 4, 6, 3, 5, 4, 5, 6, 4, 5, 3, 4, 5, 4, 6, 3, 5, 4, 5, 6, 4, 5, 3, 4, 5, 4, 6, 3, 5, 4, 5, 6, 4
Tanggal 22
5, 4, 6, 3, 5, 4, 5, 6, 4, 5, 3, 4, 5, 4, 6, 3, 5, 4, 5, 6, 4, 5, 3, 4, 5, 4, 6, 3, 5, 4, 5, 6, 4, 5, 3, 4, 5, 4, 6, 3, 5, 4, 5, 6, 4, 5, 3, 4, 5, 4, 6, 3, 5, 4, 5, 6, 4, 5, 3, 4, 5, 4, 6, 3
Tanggal 23
5, 4, 6, 3, 5, 4, 5, 6, 4, 5, 3, 4, 5, 4, 6, 3, 5, 4, 5, 6, 4, 5, 3, 4, 5, 4, 6, 3, 5, 4, 5, 6, 4, 5, 3, 4, 5, 4, 6, 3, 5, 4, 5, 6, 4
Tanggal 24
5, 4, 6, 3, 5, 4, 5, 6, 4, 5, 3, 4, 5, 4, 6, 3, 5, 4, 5, 6, 4, 5, 3, 4, 5, 4, 6, 3, 5, 4, 5, 6, 4, 5, 3, 4, 5, 4, 6, 3, 5, 4, 5, 6, 4, 5, 3, 4, 5, 4, 6, 3
Tanggal 25
5, 4, 6, 3, 5, 4, 5, 6, 4, 5, 3, 4, 5, 4, 6, 3, 5, 4, 5, 6, 4, 5, 3, 4, 5, 4, 6, 3, 5, 4, 5, 6, 4, 5, 3, 4, 5, 4, 6, 3, 5, 4, 5, 6, 4, 5, 3, 4, 5, 4, 6, 3, 5, 4, 5, 6, 4, 5, 3
Tanggal 26
5, 4, 6, 3, 5, 4, 5, 6, 4, 5, 3, 4, 5, 4, 6, 3, 5, 4, 5, 6, 4, 5, 3, 4, 5, 4, 6, 3, 5, 4, 5, 6, 4, 5, 3, 4, 5, 4, 6, 3
Tanggal 27
5, 4, 6, 3, 5, 4, 5, 6, 4, 5, 3, 4, 5, 4, 6, 3, 5, 4, 5, 6, 4, 5, 3, 4, 5, 4, 6, 3, 5, 4, 5, 6, 4, 5, 3, 4, 5, 4, 6, 3, 5, 4, 5, 6, 4, 5, 3
Tanggal 28
5, 4, 6, 3, 5, 4, 5, 6, 4, 5, 3, 4, 5, 4, 6, 3, 5, 4, 5, 6, 4, 5, 3, 4, 5, 4, 6, 3, 5, 4, 5, 6, 4, 5, 3, 4, 5, 4, 6, 3, 5, 4, 5, 6, 4, 5, 3, 4, 5, 4, 6, 3, 5, 4
Tanggal 29
5, 4, 6, 3, 5, 4, 5, 6, 4, 5, 3, 4, 5, 4, 6, 3, 5, 4, 5, 6, 4, 5, 3, 4, 5, 4, 6, 3, 5, 4, 5, 6, 4, 5, 3, 4, 5, 4, 6, 3, 5, 4, 5, 6, 4, 5, 3, 4, 5, 4, 6, 3, 5, 4, 5, 6, 4, 5, 3, 4, 5
Tanggal 30
5, 4, 6, 3, 5, 4, 5, 6, 4, 5, 3, 4, 5, 4, 6, 3, 5, 4, 5, 6, 4, 5, 3, 4, 5, 4, 6, 3, 5, 4, 5, 6, 4, 5, 3, 4, 5, 4, 6, 3, 5, 4

  
GrabFood
Tanggal 1
5, 4, 6, 3, 5, 4, 5, 6, 4, 5, 3, 4, 5, 4, 6, 3, 5, 4, 5, 6, 4, 5, 3, 4, 5, 4, 6, 3, 5, 4, 5, 6, 4, 5, 3, 4, 5, 4, 6, 3, 5, 4, 5, 6, 4, 5, 3
Tanggal 2
5, 4, 6, 3, 5, 4, 5, 6, 4, 5, 3, 4, 5, 4, 6, 3, 5, 4, 5, 6, 4, 5, 3, 4, 5, 4, 6, 3, 5, 4, 5, 6, 4, 5, 3, 4, 5, 4, 6, 3, 5, 4, 5, 6, 4, 5, 3, 4, 5, 4, 6, 3, 5, 4
Tanggal 3
5, 4, 6, 3, 5, 4, 5, 6, 4, 5, 3, 4, 5, 4, 6, 3, 5, 4, 5, 6, 4, 5, 3, 4, 5, 4, 6, 3, 5, 4, 5, 6, 4, 5, 3, 4, 5, 4, 6, 3, 5, 4, 5, 6, 4, 5, 3, 4, 5, 4, 6, 3, 5, 4, 5, 6, 4, 5, 3, 4, 5
Tanggal 4
5, 4, 6, 3, 5, 4, 5, 6, 4, 5, 3, 4, 5, 4, 6, 3, 5, 4, 5, 6, 4, 5, 3, 4, 5, 4, 6, 3, 5, 4, 5, 6, 4, 5, 3, 4, 5, 4, 6, 3, 5, 4
Tanggal 5
5, 4, 6, 3, 5, 4, 5, 6, 4, 5, 3, 4, 5, 4, 6, 3, 5, 4, 5, 6, 4, 5, 3, 4, 5, 4, 6, 3, 5, 4, 5, 6, 4, 5, 3, 4, 5, 4, 6, 3, 5, 4, 5, 6, 4, 5, 3, 4, 5
Tanggal 6
5, 4, 6, 3, 5, 4, 5, 6, 4, 5, 3, 4, 5, 4, 6, 3, 5, 4, 5, 6, 4, 5, 3, 4, 5, 4, 6, 3, 5, 4, 5, 6, 4, 5, 3, 4, 5, 4, 6, 3, 5, 4, 5, 6, 4, 5, 3, 4, 5, 4, 6, 3, 5, 4, 5, 6
Tanggal 7
5, 4, 6, 3, 5, 4, 5, 6, 4, 5, 3, 4, 5, 4, 6, 3, 5, 4, 5, 6, 4, 5, 3, 4, 5, 4, 6, 3, 5, 4, 5, 6, 4, 5, 3, 4, 5, 4, 6, 3, 5, 4, 5, 6, 4, 5, 3, 4, 5, 4, 6, 3, 5, 4, 5, 6, 4, 5, 3, 4, 5, 4, 6
Tanggal 8
5, 4, 6, 3, 5, 4, 5, 6, 4, 5, 3, 4, 5, 4, 6, 3, 5, 4, 5, 6, 4, 5, 3, 4, 5, 4, 6, 3, 5, 4, 5, 6, 4, 5, 3, 4, 5, 4, 6, 3, 5, 4, 5, 6
Tanggal 9
5, 4, 6, 3, 5, 4, 5, 6, 4, 5, 3, 4, 5, 4, 6, 3, 5, 4, 5, 6, 4, 5, 3, 4, 5, 4, 6, 3, 5, 4, 5, 6, 4, 5, 3, 4, 5, 4, 6, 3, 5, 4, 5, 6, 4, 5, 3, 4, 5, 4, 6
Tanggal 10
5, 4, 6, 3, 5, 4, 5, 6, 4, 5, 3, 4, 5, 4, 6, 3, 5, 4, 5, 6, 4, 5, 3, 4, 5, 4, 6, 3, 5, 4, 5, 6, 4, 5, 3, 4, 5, 4, 6, 3, 5, 4, 5, 6, 4, 5, 3, 4, 5, 4, 6, 3, 5, 4, 5, 6, 4, 5
Tanggal 11
5, 4, 6, 3, 5, 4, 5, 6, 4, 5, 3, 4, 5, 4, 6, 3, 5, 4, 5, 6, 4, 5, 3, 4, 5, 4, 6, 3, 5, 4, 5, 6, 4, 5, 3, 4, 5, 4, 6, 3, 5, 4, 5, 6, 4, 5, 3, 4, 5, 4, 6, 3, 5, 4, 5, 6, 4, 5, 3, 4, 5, 4, 6, 3, 5
Tanggal 12
5, 4, 6, 3, 5, 4, 5, 6, 4, 5, 3, 4, 5, 4, 6, 3, 5, 4, 5, 6, 4, 5, 3, 4, 5, 4, 6, 3, 5, 4, 5, 6, 4, 5, 3, 4, 5, 4, 6, 3, 5, 4, 5, 6, 4, 5
Tanggal 13
5, 4, 6, 3, 5, 4, 5, 6, 4, 5, 3, 4, 5, 4, 6, 3, 5, 4, 5, 6, 4, 5, 3, 4, 5, 4, 6, 3, 5, 4, 5, 6, 4, 5, 3, 4, 5, 4, 6, 3, 5, 4, 5, 6, 4, 5, 3, 4, 5, 4, 6, 3, 5
Tanggal 14
5, 4, 6, 3, 5, 4, 5, 6, 4, 5, 3, 4, 5, 4, 6, 3, 5, 4, 5, 6, 4, 5, 3, 4, 5, 4, 6, 3, 5, 4, 5, 6, 4, 5, 3, 4, 5, 4, 6, 3, 5, 4, 5, 6, 4, 5, 3, 4, 5, 4, 6, 3, 5, 4, 5, 6, 4, 5, 3, 4
Tanggal 15
5, 4, 6, 3, 5, 4, 5, 6, 4, 5, 3, 4, 5, 4, 6, 3, 5, 4, 5, 6, 4, 5, 3, 4, 5, 4, 6, 3, 5, 4, 5, 6, 4, 5, 3, 4, 5, 4, 6, 3, 5
Tanggal 16
5, 4, 6, 3, 5, 4, 5, 6, 4, 5, 3, 4, 5, 4, 6, 3, 5, 4, 5, 6, 4, 5, 3, 4, 5, 4, 6, 3, 5, 4, 5, 6, 4, 5, 3, 4, 5, 4, 6, 3, 5, 4, 5, 6, 4, 5, 3, 4
Tanggal 17
5, 4, 6, 3, 5, 4, 5, 6, 4, 5, 3, 4, 5, 4, 6, 3, 5, 4, 5, 6, 4, 5, 3, 4, 5, 4, 6, 3, 5, 4, 5, 6, 4, 5, 3, 4, 5, 4, 6, 3, 5, 4, 5, 6, 4, 5, 3, 4, 5, 4, 6, 3, 5, 4, 5
Tanggal 18
5, 4, 6, 3, 5, 4, 5, 6, 4, 5, 3, 4, 5, 4, 6, 3, 5, 4, 5, 6, 4, 5, 3, 4, 5, 4, 6, 3, 5, 4, 5, 6, 4, 5, 3, 4, 5, 4, 6, 3, 5, 4, 5, 6, 4, 5, 3, 4, 5, 4, 6, 3, 5, 4, 5, 6, 4, 5, 3, 4, 5, 4
Tanggal 19
5, 4, 6, 3, 5, 4, 5, 6, 4, 5, 3, 4, 5, 4, 6, 3, 5, 4, 5, 6, 4, 5, 3, 4, 5, 4, 6, 3, 5, 4, 5, 6, 4, 5, 3, 4, 5, 4, 6, 3, 5, 4, 5
Tanggal 20
5, 4, 6, 3, 5, 4, 5, 6, 4, 5, 3, 4, 5, 4, 6, 3, 5, 4, 5, 6, 4, 5, 3, 4, 5, 4, 6, 3, 5, 4, 5, 6, 4, 5, 3, 4, 5, 4, 6, 3, 5, 4, 5, 6, 4, 5, 3, 4, 5, 4
Tanggal 21
5, 4, 6, 3, 5, 4, 5, 6, 4, 5, 3, 4, 5, 4, 6, 3, 5, 4, 5, 6, 4, 5, 3, 4, 5, 4, 6, 3, 5, 4, 5, 6, 4, 5, 3, 4, 5, 4, 6, 3, 5, 4, 5, 6, 4, 5, 3, 4, 5, 4, 6, 3, 5, 4, 5, 6, 4
Tanggal 22
5, 4, 6, 3, 5, 4, 5, 6, 4, 5, 3, 4, 5, 4, 6, 3, 5, 4, 5, 6, 4, 5, 3, 4, 5, 4, 6, 3, 5, 4, 5, 6, 4, 5, 3, 4, 5, 4, 6, 3, 5, 4, 5, 6, 4, 5, 3, 4, 5, 4, 6, 3, 5, 4, 5, 6, 4, 5, 3, 4, 5, 4, 6, 3
Tanggal 23
5, 4, 6, 3, 5, 4, 5, 6, 4, 5, 3, 4, 5, 4, 6, 3, 5, 4, 5, 6, 4, 5, 3, 4, 5, 4, 6, 3, 5, 4, 5, 6, 4, 5, 3, 4, 5, 4, 6, 3, 5, 4, 5, 6, 4
Tanggal 24
5, 4, 6, 3, 5, 4, 5, 6, 4, 5, 3, 4, 5, 4, 6, 3, 5, 4, 5, 6, 4, 5, 3, 4, 5, 4, 6, 3, 5, 4, 5, 6, 4, 5, 3, 4, 5, 4, 6, 3, 5, 4, 5, 6, 4, 5, 3, 4, 5, 4, 6, 3
Tanggal 25
5, 4, 6, 3, 5, 4, 5, 6, 4, 5, 3, 4, 5, 4, 6, 3, 5, 4, 5, 6, 4, 5, 3, 4, 5, 4, 6, 3, 5, 4, 5, 6, 4, 5, 3, 4, 5, 4, 6, 3, 5, 4, 5, 6, 4, 5, 3, 4, 5, 4, 6, 3, 5, 4, 5, 6, 4, 5, 3
Tanggal 26
5, 4, 6, 3, 5, 4, 5, 6, 4, 5, 3, 4, 5, 4, 6, 3, 5, 4, 5, 6, 4, 5, 3, 4, 5, 4, 6, 3, 5, 4, 5, 6, 4, 5, 3, 4, 5, 4, 6, 3
Tanggal 27
5, 4, 6, 3, 5, 4, 5, 6, 4, 5, 3, 4, 5, 4, 6, 3, 5, 4, 5, 6, 4, 5, 3, 4, 5, 4, 6, 3, 5, 4, 5, 6, 4, 5, 3, 4, 5, 4, 6, 3, 5, 4, 5, 6, 4, 5, 3
Tanggal 28
5, 4, 6, 3, 5, 4, 5, 6, 4, 5, 3, 4, 5, 4, 6, 3, 5, 4, 5, 6, 4, 5, 3, 4, 5, 4, 6, 3, 5, 4, 5, 6, 4, 5, 3, 4, 5, 4, 6, 3, 5, 4, 5, 6, 4, 5, 3, 4, 5, 4, 6, 3, 5, 4
Tanggal 29
5, 4, 6, 3, 5, 4, 5, 6, 4, 5, 3, 4, 5, 4, 6, 3, 5, 4, 5, 6, 4, 5, 3, 4, 5, 4, 6, 3, 5, 4, 5, 6, 4, 5, 3, 4, 5, 4, 6, 3, 5, 4, 5, 6, 4, 5, 3, 4, 5, 4, 6, 3, 5, 4, 5, 6, 4, 5, 3, 4, 5
Tanggal 30
5, 4, 6, 3, 5, 4, 5, 6, 4, 5, 3, 4, 5, 4, 6, 3, 5, 4, 5, 6, 4, 5, 3, 4, 5, 4, 6, 3, 5, 4, 5, 6, 4, 5, 3, 4, 5, 4, 6, 3, 5, 4

ShopeeFood
Tanggal 1
13, 16, 3, 28, 5, 7, 5, 10, 6, 11, 7, 13, 10, 8, 5
Tanggal 2
5, 7, 6, 10, 7, 3, 8, 11, 7, 10, 7, 12, 8, 7, 7, 5, 8, 5
Tanggal 3
5, 7, 4, 4, 10, 15, 7, 6, 8, 6, 10, 7, 8, 7, 6, 6, 8, 10, 11, 8, 7, 10
Tanggal 4
7, 10, 8, 5, 8, 5
Tanggal 5
10, 12, 5, 7, 5, 4, 6, 8, 5, 11, 5, 12, 7, 4, 7, 5, 9, 10
Tanggal 6
5, 3, 10, 7, 5, 8, 12, 7, 6, 5, 7, 10, 8, 6
Tanggal 7
7, 10, 8, 4, 5, 9, 5, 9, 10, 4, 12, 5, 7, 6, 4, 9, 7, 5
Tanggal 8
7, 5, 4, 10, 6, 12, 7, 7, 4, 10, 8, 7, 7, 8, 5, 5, 8, 7, 9, 7, 6, 6, 10, 4, 8, 7, 6, 4, 4, 8, 8, 8, 7
Tanggal 9
4, 4, 10, 7, 5, 8, 7, 4, 9, 5, 3, 7, 11, 7, 11, 7, 5, 8, 4, 8, 5, 6, 8, 4, 9, 7, 5, 6, 8
Tanggal 10
8, 4, 4, 9, 7, 7, 5, 8, 4, 7, 10, 7, 4, 5, 12, 8, 11, 6, 9, 10, 4, 7, 5, 8
Tanggal 11
7, 5, 8, 10, 6, 4, 7, 5, 8, 6, 10, 8, 7, 5, 9
Tanggal 12
6, 8, 7, 10, 5, 7, 8, 6, 5, 11, 8, 10, 7, 6
Tanggal 13
8, 6, 5, 7, 9, 10, 8, 7, 5, 6, 8, 4, 7, 5
Tanggal 14
7, 10, 8, 5, 6, 7, 8, 10, 12, 7, 5, 6, 8
Tanggal 15
5, 6, 8, 7, 10, 8, 5, 7, 9, 11, 8, 7, 5
Tanggal 16
8, 10, 6, 5, 8, 7, 4, 6, 8, 7, 10, 8
Tanggal 17
6, 8, 10, 7, 5, 8, 6, 7, 9, 10, 8, 7
Tanggal 18
8, 7, 5, 6, 10, 12, 7, 8, 6, 5, 7
Tanggal 19
7, 5, 8, 6, 10, 7, 5, 8, 7, 6, 5, 7
Tanggal 20
10, 8, 6, 5, 7, 8, 10, 7, 6, 5, 8
Tanggal 21
7, 5, 6, 8, 10, 12, 7, 5, 6, 8, 7
Tanggal 22
8, 10, 7, 6, 5, 8, 7, 6, 5, 9, 10
Tanggal 23
6, 5, 7, 8, 10, 6, 5, 8, 7, 10, 8
Tanggal 24
7, 8, 10, 5, 6, 8, 7, 5, 6, 8, 10
Tanggal 25
8, 7, 6, 5, 8, 10, 7, 5, 6, 8, 7
Tanggal 26
10, 7, 5, 6, 8, 7, 10, 8, 6, 5, 7
Tanggal 27
7, 5, 8, 10, 7, 6, 5, 8, 7, 6, 5
Tanggal 28
8, 10, 7, 5, 6, 8, 10, 7, 5, 6, 8
Tanggal 29
6, 8, 10, 7, 5, 6, 8, 10, 7, 5, 8
Tanggal 30
7, 10, 8, 6, 5, 7, 8, 10, 7, 5, 6

